|---TOTAL---| |---3-PTS---|               |----REBOUNDS----|
## Player              	GP-GS  Min--Avg  FG-FGA   Pct 3FG-FGA   Pct  FT-FTA   Pct  Off Def  Tot  Avg  PF FO   A  TO Blk Stl  Pts  Avg
------------------------------------------------------------------------------------------------------------------------------------
05 Williams-Goss, Nigel 36 36 1166 32.4 206 420  .490  40 109  .367 150 170  .882   19 194  213  5.9  55  1 167  77   3  64  602 16.7
24 Karnowski, Przemek	37 37  847 22.9 191 318  .601   0 1    .000  71 122  .582   52 162  214  5.8  75  2  72  64  36  17  453 12.2
04 Mathews, Jordan	37 37 1027 27.8 126 308  .409  79 204  .387  66 89   .742   26  95  121  3.3  51  0  56  30   5  31  397 10.7
03 Williams, Johnathan 	37 37  898 24.3 149 251  .594  15 37   .405  68 122  .557   70 174  244  6.6  75  1  30  50  36  26  381 10.3
32 Collins, Zach	37 0   635 17.2 125 191  .654   9 20   .450 108 145  .745   60 150  210  5.7  96  6  15  54  60  17  367  9.9
13 Perkins, Josh	36 33 1043 29.0  94 222  .423  60 150  .400  47 65   .723    9  74   83  2.3  77  0 115  72   6  33  295  8.2
00 Melson, Silas	37 4   887 24.0  94 209  .450  40 105  .381  42 50   .840   18  73   91  2.5  76  1  55  30   5  26  270  7.3
33 Tillie, Killian	31 0   385 12.4  46 87   .529  11 23   .478  32 41   .780   24  72   96  3.1  58  2  20  20   9  24  135  4.4
21 Hachimura, Rui	28 0   128  4.6  28 53   .528   4 14   .286  13 24   .542   12  26   38  1.4  16  0   2   8   4   6   73  2.6
25 Edwards, Ryan	17 0    48  2.8  15 24   .625   0 1    .000   4 7    .571    7  12   19  1.1   8  0   4   1   1   0   34  2.0
10 Alberts, Bryan	24 0   142  5.9  15 49   .306   6 29   .207   6 10   .600    1  12   13  0.5  11  0  24   4   2   9   42  1.8
22 Jones, Jeremy	23 0    88  3.8   6 16   .375   0 4    .000   3 5    .600    8  18   26  1.1   7  0   6   5   3   5   15  0.7
55 Triano, Dustin	25 0    77  3.1   5 10   .500   5 10   .500   0 0    .000    2   9   11  0.4   7  0   1   0   0   2   15  0.6
15 Bakamus, Rem		17 1    29  1.7   0 4    .000   0 4    .000   1 1   1.000    1   3    4  0.2   5  0   2   2   0   0    1  0.1
